0;
0;
0;
0;
0;
0;
2;
5;
5;
6;
10;
18;
30;
45;
46;
46;
58;
82;
88;
109;
123;
155;
207;
234;
270;
308;
342;
333;
351;
416;
395;
357;
393;
386;
354;
347;
349;
366;
344;
363;
318;
320;
304;
258;
270;
257;
242;
251;
206;
203;
191;
197;
149;
134;
148;
134;
128;
115;
128;
105;
96;
90;
94;
88;
85;
89;
82;
82;
52;
41;
50;
52;
39;
33;
27;
39;
25;
25;
15;
30;
31;
26;
22;
28;
19;
19;
17;
15;
14;
19;
10;
18;
9;
10;
17;
9;
8;
10;
9;
15;
3;
6;
7;
4;
6;
10;
12;
4;
4;
4;
4;
7;
3;
6;
3;
1;
4;
4;
3;
1;
2;
7;
6;
3;
5;
4;
0;
2;
6;
4;
2;
2;
4;
4;
2;
3;
3;
2;
3;
3;
4;
10;
9;
5;
5;
6;
12;
10;
11;
10;
8;
15;
11;
10;
7;
8;
12;
6;
10;
7;
4;
8;
14;
11;
8;
9;
13;
8;
6;
9;
10;
12;
12;
5;
8;
12;
16;
7;
10;
12;
11;
6;
11;
8;
15;
9;
13;
12;
10;
10;
9;
9;
13;
14;
7;
5;
8;
16;
10;
14;
12;
8;
12;
7;
16;
4;
9;
16;
13;
5;
18;
10;
19;
18;
12;
11;
7;
15;
12;
18;
9;
14;
21;
20;
21;
18;
15;
13;
22;
26;
29;
24;
35;
25;
27;
36;
44;
33;
29;
55;
44;
52;
46;
76;
67;
53;
	69	(corregit a 70);
77;
76;
88;
66;
60;
66;
74;
69;
67;
	73	(corregit a 75);
62;
59;
53;
70;
65;
61;
57;
53;
53;
42;
48;
25;
60;
56;
44;
55;
51;
47;
53;
46;
64;
44;
33;
37;
35;
36;
44;
50;
33;
36;
36;
27;
34;
31;
30;
39;
36;
39;
34;
43;
49;
33;
35;
37;
42;
47;
44;
47;
47;
40;
45;
4;10
45;
89;87
51;
63;
58;
70;68
58;
63;
67;
60;59
76;69
63;
59;61
66;76
67;
26*;
4*;
5*;
