0
0
0
0
0
0
0
0
0
0
0
0
0
0
0
0
0
0
0
0
0
0
0
0
0
0
0
0
0
0
0
0
0
0
0
0
0
0
0
0
0
0
0
0
0
0
0
0
0
0
0
0
0
0
0
0
0
0
0
0
0
2299
2264
2236
2031
1947
1736
1616
1492
1507
1516
1442
1337
1256
1161
1093
1086
1088
1035
954
928
884
790
795
808
770
740
697
656
589
612
612
626
577
545
495
446
463
472
440
420
413
377
347
351
357
333
325
295
296
268
284
294
270
250
263
247
238
257
277
250
255
245
230
213
236
262
241
234
251
254
260
284
302
305
320
331
341
345
389
420
391
420
418
446
452
501
533
519
529
537
527
535
576
623
640
613
579
575
545
572
586
578
580
577
580
561
601
643
645
646
669
666
626
661
673
668
670
656
668
635
676
703
702
720
686
668
666
701
729
719
730
711
701
732
765
817
792
777
762
766
724
755
794
808
776
780
769
738
779
801
800
798
798
785
767
794
839
849
830
843
869
851
903
969
1002
1026
1072
1124
1122
1231
1331
1433
1471
1672
1742
1780
1944
2079
2201
2288
2386
2455
2405
2545
2710
2671
2720
2779
2716
2614
2699
2811
2727
2661
2707
2661
2486
2552
2581
2529
2430
2328
2244
2075
2130
2160
2038
1973
1858
1776
1681
1739
1787
1746
1676
1601
1553
1509
1555
1617
1596
1623
1525
1461
1430
1479
1567
1541
1519
1560
1569
1553
1606
1671
1659
1666
1604
1571
1647
1704
1788
1833
1850
1835
1803
1909
2016
2154
2131
2089
2196
2277
2386
2346
2438
2488
2550
2575
2574
2565
2698
2847
2833
2899
2882
2944
2879
3016
3092
3055
3039
2958
2927
2914
3056
3158
3075
2961
2882
2812
2632
2693
2768
2650
2573
2476
2377
2224
2317
2384
2323
2168
2125
2032
1943
1981
2043
1978
1914
1834
1792
1688
1739
1793
1703
1666
1643*
1610*
1530*
