22
35
25
29
37
57
83
53
109
335
504
1005
1952
1734
1574
2259
2608
3047
3496
3639
2934
2374
3717
4417
4407
4514
4521
4022
3314
5359
5130
5068
5197
5777
3494
2376
4733
5732
6102
6474
4928
4149
2959
3804
6286
7081
7312
8358
5722
3861
7374
9357
10014
8492
10076
5925
4941
7600
10127
9430
10117
7133
4441
3401
7288
7824
8862
7392
7911
4537
2325
6904
7983
8226
8796
8831
5815
3155
8595
10405
9325
10431
11064
5953
4153
7977
9424
8160
9379
10337
5574
3213
4012
6890
8023
7813
9982
3736
2077
6145
7610
7244
6474
8705
2698
1499
5616
7214
6137
5821
7013
2564
1489
4449
6946
2042
4284
8063
2680
1687
5109
6935
6001
5532
7551
2348
1691
5140
7706
7103
7038
9082
3474
2702
7051
9123
9844
10273
12298
6205
3632
9863
13471
13504
13986
15666
7050
4881
10851
14571
15911
13290
15713
7261
3973
11145
15517
13650
13920
16079
9236
4266
13267
15485
14618
14317
16207
6665
4615
12559
16927
15186
14199
19318
8485
4898
17303
20099
20636
18590
20905
7098
4618
15535
20211
17745
18790
20965
7696
3940
15167
18757
15747
19044
7392
7132
4256
15903
19947
17812
19183
22401
9838
6476
20250
24648
24115
16251
24105
8975
5782
22409
27465
26331
23279
28508
9723
6459
23680
32274
27482
26962
30363
11175
8335
7234
29802
35346
38169
39515
17359
10932
36164
43446
46269
42894
44164
17738
10944
37386
45952
42757
41455
43469
19396
9494
30963
38703
37935
34537
35476
13635
5530
27597
32265
28801
24648
27411
9957
4554
24053
28326
23788
22714
22918
7991
3574
21026
25908
24209
23441
23069
10615
4046
19506
23623
24548
21906
21368
8924
3303
17107
5211
22378
25622
24959
11528
4287
22247
29874
26750
26153
25747
11580
7559
24524
31762
30852
23949
5394
6704
4999
21881
26540
27756
22497
5755
9213
5156
22899
30545
8514
27125
34713
13891
6473
33221
45207
49668
45235
46598
18521
9575
42701
53047
51728
52034
48669
17953
8358
38017
47192
45427
41560
40515
14666
6204
34318
40367
39218
36469
32410
12795
5297
29632
36421
31690
27243
27595
10318
4438
22091
30859
26963
26099
25182
10554
5088
24529
29217
26157
20190*
18259*
2020*
