1432
1475
1480
1469
1504
1528
1526
1507
1501
1436
1428
1409
1383
1339
1275
1263
1214
1165
1124
1070
1048
975
921
886
853
817
764
732
686
648
609
606
579
547
501
468
437
420
401
389
380
363
350
324
301
295
293
273
263
245
232
217
210
203
197
187
187
171
164
157
162
154
149
139
129
120
118
120
117
113
103
93
83
82
82
79
74
73
67
63
61
61
62
60
57
70
55
57
56
56
52
47
44
46
42
45
43
40
41
42
42
44
46
44
48
46
50
56
56
58
55
56
57
65
71
69
76
88
89
83
88
96
95
103
114
120
118
114
107
110
120
130
123
126
127
128
131
129
132
132
135
131
140
137
137
146
148
148
146
149
151
148
157
143
146
141
143
140
143
146
149
150
150
153
157
160
160
153
149
153
150
150
150
159
155
156
151
153
157
156
152
154
162
167
168
164
172
171
173
173
174
179
179
185
193
208
216
227
241
247
261
277
285
296
325
350
363
373
401
418
442
460
478
495
507
511
536
540
541
547
562
578
591
594
587
580
583
580
589
592
572
551
539
526
514
514
509
499
484
475
467
461
458
455
451
436
416
397
389
394
386
372
359
344
333
339
344
349
345
343
344
336
320
326
333
332
317
337
333
337
338
375
376
379
374
324
381
388
408
416
417
429
458
455
470
476
492
496
512
530
548
550
587
612
617
628
663
673
683
692
703
703
719
724
723
728
731
729
724
718
702
684
694
688
668
672
664
651
638
633
639
613
616
613
604
591
588
591
578
569
562
541
533
532
525
521
514
522
515
505
500
501
481
470
458
433
425
427
431
423
420
405
407
410
412
417
418
417
400
392
399
404
412
408
416
418
421
423
431
445
461
484
494
503
513
516
519
512
513
500
505
496
505
499
497
494
492
492
502
504
507
508
498
490
487
479
477
479
473
474
469
449
443
439
440
421
407
401
398
403
397
389
364
369
343
330
315
306
301
286
273
269
262
256
256
253
234
227
229
220
205
203
212
197
192
185
183
181
179
186
173
162
153
152
151
149
154
142
139
135
130
128
131
136
129
120
114
120
123
123
133
133
136
143
157
173
184
210
221
237
