0
0
0
0
0
0
0
0
0
0
0
0
0
0
0
0
0
0
0
0
0
0
0
0
0
0
0
0
0
0
0
0
0
0
0
0
0
0
0
0
0
0
0
0
0
0
0
0
0
0
0
0
0
0
0
0
0
0
0
0
0
0
0
0
0
0
0
0
0
0
0
0
0
0
0
0
0
0
0
0
0
0
0
0
0
0
0
0
0
0
0
0
0
0
0
0
0
0
0
0
0
0
0
0
0
0
0
0
0
0
0
0
0
0
0
0
0
0
0
0
0
0
0
0
0
0
0
0
0
0
0
0
0
0
0
0
0
0
0
0
0
0
0
0
0
0
0
0
0
0
0
0
0
0
0
0
0
0
0
0
0
0
0
0
0
0
0
0
0
0
0
0
0
0
0
0
0
0
0
0
0
0
0
0
0
0
0
0
0
0
0
0
0
0
0
0
0
0
0
0
0
0
0
0
0
0
0
0
0
0
0
0
0
0
0
0
0
0
0
0
0
0
0
0
0
0
0
0
0
0
0
0
0
0
0
0
0
0
0
0
0
0
0
0
0
0
0
0
0
0
0
0
0
0
0
0
0
0
0
0
0
0
0
0
0
0
0
0
0
0
0
0
0
0
0
0
0
0
0
0
0
0
0
0
0
0
0
0
0
0
0
0
0
0
0
0
0
0
0
0
0
806
3
451
2612
2586
4
2012
4
3117
13388
3194
16862
19329
9160
4708
10974
16024
14635
14571
15899
4525
2352
11841
3390
2682
2894
5157
2699
573
3241
1521
1202
1344
1405
832
496
1624
755
579
1111
1494
628
284
2350
3123
10031
13323
15233
2431
388
8731
9180
15122
17582
19045
1389
332
13119
27289
40764
39819
30722
2513
553
5867
17796
29263
31062
22254
2912
1117
10742
14884
20119
13917
12507
1775
161
7605
903
2102
2915
4091
106
3
2865
4905
25316
33979
34199
14936
4574
25262
62542
73062
51106
7010
15050
12635
17458
46782
81959
69622
56161
4435
1146
21188
52521
69895
68365
49330
2235
397
11520
26546
27330
37783
37257
2121
1035
25173
29795
21531
24067
51317
19161
10408
45078
41162
37332
35385
56000
21233
14146
39108
51466
57804
59748
56269
23521
14382
27386
55200
58810
56468
36133
14508
4694
8685
29989
34064
37628
25964
10465
3992
13314
20680
26934
34836
32828
24480
12068
55845
43718
50688
52224
71372
32310
16396
65459
69209
62378
63329
70078
40031
20062
51652
73764
52007
14039
39569
23885
27615
44710
56887
61975
49374
49699
28109
23504
34020
41798
34869
51598
38547
23462
20359
29350
21523
36977
53852
29227
9941
4402
15530
31394
20075
31188
29263
11625
4096
21161
38989
37743
32237
33218
8333
6310
22027
47481
50774
42278
30971
14997
8504
30169
46104
35923
28537
31262
17036
3177
32785
18650
15731
16751
20000
3874
2106
14368
11610
13261
11217
12012
2756
1653
9900
11419
11348
12773
11386
3316
1601
9812
13745
12624
12989
13453
2678
1530
8123
8578
9271
8413
10820
2007
843
5472
6193
6841
6446
5510
1101
596
4568
3787
4701
5550
4547
947
547
1907
3076
4055
4640
4927
999
683
2516
427
4292
4521
4664
1114
652
2269
2639
3758
4122
4363
1252
423
1999
2108
3092
3427
3493
1078
309
272
1711
2330
2805
3006
546
349
1445
1912
2255
2377
2620
767
521
1565
1992
2936
3226
3881
809
612
2488
2994
4379
5311
6678
2685
1565
4702
6120
7250
7779
6587
3462
2950
1803
3720
2356
6713
6406
2855
2666
4608
6563
10743
11974
12467
20604
11565
12411
13626
17688
16469
3660
3
15
14359
13833
14392
12381
2773
19
7753
13129
11975
3507
2
10659
6361
3645
6670
7431
6031
6289
8332
7209
2231
4722
5190
4141
3696
4641
3809
946
2427
2910
2415*
2230*
3131*
